2023-12-17_14:59:50 553.9 100.0 100.0 100.0 88.9 75.0 90.0
2023-12-17_15:53:20 600.0 100.0 100.0 100.0 100.0 100.0 100.0
2023-12-18_10:05:30 573.3 90.0 100.0 83.3 100.0 100.0 100.0
2023-12-18_10:49:42 580.0 90.0 100.0 90.0 100.0 100.0 100.0
2023-12-19_10:44:45 583.3 100.0 100.0 83.3 100.0 100.0 100.0
2023-12-19_11:46:01 552.6 100.0 100.0 83.3 100.0 100.0 69.2
2023-12-19_14:48:13 529.8 71.4 100.0 83.3 100.0 75.0 100.0
2023-12-19_15:37:29 528.9 90.0 90.9 83.3 100.0 100.0 64.7
2023-12-19_19:12:38 600.0 100.0 100.0 100.0 100.0 100.0 100.0
2024-01-08_10:35:43 531.7 100.0 83.3 78.6 92.9 100.0 76.9
2024-01-09_16:06:12 572.9 100.0 100.0 100.0 81.2 100.0 91.7
2024-01-09_16:36:30 577.1 100.0 100.0 83.3 93.8 100.0 100.0
2024-01-10_16:31:13 567.3 83.3 100.0 91.7 100.0 100.0 92.3
2024-01-11_16:05:20 556.9 100.0 90.9 100.0 94.1 93.3 78.6
2024-01-12_10:17:54 581.7 90.0 100.0 91.7 100.0 100.0 100.0
2024-01-12_11:01:18 549.2 100.0 90.9 83.3 100.0 100.0 75.0
2024-01-17_09:37:08 515.3 100.0 71.4 82.4 100.0 100.0 61.5
2024-01-17_10:41:11 600.0 100.0 100.0 100.0 100.0 100.0 100.0
2024-01-17_17:28:51 558.9 90.0 90.9 100.0 100.0 93.3 84.6
2024-01-17_18:04:12 584.6 100.0 100.0 100.0 100.0 100.0 84.6
2024-01-23_10:33:05 558.7 100.0 100.0 100.0 100.0 81.8 76.9
2024-01-23_18:07:39 576.9 100.0 100.0 100.0 100.0 100.0 76.9
2024-01-25_12:20:17 541.7 83.3 83.3 83.3 100.0 100.0 91.7
2024-01-25_13:52:58 600.0 100.0 100.0 100.0 100.0 100.0 100.0
2024-01-26_14:26:49 545.8 100.0 83.3 100.0 100.0 100.0 62.5
